1.922831051356247878e+00 9.811488711700619980e-01 6.135362784372593126e+01 -1.093321707760017469e+00 2.311533575787878825e-02 1.126220060336812490e-01 1.296561163362445479e-01
2.279591645651191545e+00 9.722039010093114220e-01 6.813202523704377711e+01 -1.044120537254144221e+00 2.194407283905262795e-02 1.120619989493397417e-01 2.650338742738208020e-01
2.192155431234272367e+00 9.532855731424209056e-01 6.888156607552561184e+01 -8.593643136256186033e-01 2.259562798771430972e-02 1.105524301900566025e-01 2.396857376463938372e-01
1.801123322044646535e+00 9.576958049987688293e-01 6.245410761336765404e+01 -7.707149609637771182e-01 2.468578563721023425e-02 1.272573117360146222e-01 4.422234167123163529e-01
2.159886075871789490e+00 9.633920553286041688e-01 6.309838974897571973e+01 -8.704595074572423208e-01 2.370402176396343291e-02 1.155709257750405922e-01 2.081558448246857707e-01
1.809515449691799338e+00 9.631101968230587618e-01 7.234619012607862487e+01 -7.950412785071574451e-01 2.056845909995492702e-02 1.215867956556688501e-01 3.357934469193827876e-01
2.076852635029940330e+00 9.732255412842086839e-01 7.000008301041472691e+01 -1.274774334279217936e+00 2.259610184563021554e-02 1.260150292907087077e-01 2.855083786680417957e-01
1.972788378342702043e+00 9.314522458964090701e-01 6.374605525258170502e+01 -1.237247679068592010e+00 2.298105407012950713e-02 1.166899922750393170e-01 2.094799701256941926e-01
2.260944809869666283e+00 9.351285913864989530e-01 7.393358845520789657e+01 -9.657868449746536132e-01 2.005684594004261689e-02 1.209331691474013343e-01 1.778074857227399386e-01
2.334152948522167481e+00 9.587970090575067550e-01 6.915132064767921349e+01 -9.693642308216692260e-01 2.436584054424491622e-02 1.270331426765098637e-01 4.520953773483115667e-01
