1.474051329999999993e+00 1.009458299999999920e+00 5.972959900000000033e+01 -1.355735659999999898e+00 1.740709999999999827e-02 1.331198500000000118e-01 3.654720999999999664e-02
1.477863829999999989e+00 9.557051699999999927e-01 7.906343841999999711e+01 -9.172416899999999984e-01 1.734236999999999931e-02 1.415560200000000046e-01 1.112676600000000043e-01
1.676532359999999944e+00 9.485706699999999492e-01 7.240898131999999521e+01 -1.258389229999999914e+00 2.648634999999999878e-02 1.341227399999999903e-01 1.827369799999999933e-01
1.744388969999999928e+00 9.607657800000000137e-01 6.368556213000000099e+01 -1.211796400000000107e+00 1.962074999999999930e-02 1.182006200000000062e-01 2.462525999999999951e-02
1.660553029999999985e+00 9.839454300000000098e-01 7.157246399000000281e+01 -7.596882000000000357e-01 1.848137999999999864e-02 1.130025499999999933e-01 2.394833899999999904e-01
1.566081929999999955e+00 9.607657800000000137e-01 6.368556213000000099e+01 -1.211796400000000107e+00 1.962074999999999930e-02 1.182006200000000062e-01 2.795881000000000061e-02
1.746409679999999964e+00 9.305721500000000423e-01 7.711837006000000372e+01 -1.520033600000000096e+00 2.340967999999999868e-02 1.587938999999999878e-01 1.087463999999999965e-02
1.507238999999999995e+00 9.359749000000000541e-01 5.399689864999999855e+01 -8.177619600000000100e-01 2.336072999999999969e-02 1.091668799999999939e-01 1.600303999999999963e-02
1.909028270000000083e+00 9.453678699999999990e-01 5.303684616000000318e+01 -1.385105730000000035e+00 1.782088999999999895e-02 1.467835000000000112e-01 1.019872200000000034e-01
2.151876679999999986e+00 9.956004600000000204e-01 6.432041931000000545e+01 -1.097978230000000055e+00 2.233334999999999834e-02 1.425251100000000104e-01 2.064975000000000144e-02
1.598280289999999937e+00 1.001589180000000079e+00 7.750154876999999942e+01 -1.491252299999999975e+00 2.709997999999999921e-02 1.147392700000000043e-01 1.329636000000000012e-02
1.464297020000000060e+00 9.485706699999999492e-01 7.240898131999999521e+01 -1.258389229999999914e+00 2.648634999999999878e-02 1.341227399999999903e-01 2.751649600000000140e-01
1.287374540000000067e+00 9.683540499999999662e-01 6.020144652999999835e+01 -6.597730499999999720e-01 2.002316999999999986e-02 9.873975000000000113e-02 4.357226799999999733e-01
1.719134280000000015e+00 9.533095400000000108e-01 5.654874801999999789e+01 -4.679292999999999925e-01 2.098819999999999852e-02 1.033794499999999977e-01 7.412354999999999638e-02
1.553582709999999922e+00 9.595232000000000205e-01 6.161661148000000310e+01 -9.632744199999999646e-01 2.025112999999999913e-02 1.360800100000000012e-01 2.139758800000000072e-01
1.267362660000000085e+00 1.009044169999999907e+00 6.497381592000000694e+01 -1.246830459999999974e+00 1.951856000000000077e-02 8.734654999999999503e-02 1.414654100000000136e-01
2.295800879999999822e+00 9.426944900000000516e-01 7.565285491999999579e+01 -4.992960399999999965e-01 2.626211999999999991e-02 1.303118299999999896e-01 8.497219999999999773e-02
3.005356410000000089e+00 9.696738099999999694e-01 6.915243529999999339e+01 -1.369392509999999952e+00 2.482672000000000004e-02 1.169374799999999964e-01 1.907859100000000030e-01
2.571024280000000051e+00 9.580283200000000443e-01 7.974549102999999661e+01 -6.408882099999999582e-01 2.681798000000000168e-02 1.240727100000000027e-01 4.998091999999999813e-02
2.429477289999999901e+00 9.756288499999999919e-01 6.132385634999999979e+01 -8.872920899999999778e-01 2.246224000000000137e-02 8.086970000000000269e-02 1.295168299999999995e-01
1.965831499999999954e+00 9.995386600000000232e-01 6.990177155000000653e+01 -5.568401200000000495e-01 2.394038000000000069e-02 8.846091999999999844e-02 4.843269000000000046e-02
1.329945600000000061e+00 1.004434349999999920e+00 6.191705321999999967e+01 -9.804745999999999739e-01 2.411098000000000061e-02 9.087270000000000070e-02 3.222482199999999741e-01
1.540809920000000055e+00 9.348883000000000054e-01 7.672762299000000041e+01 -1.502857090000000007e+00 1.927395999999999970e-02 8.051671999999999996e-02 3.058171000000000084e-01
2.086499639999999989e+00 9.819486699999999679e-01 7.102968597000000273e+01 -1.304661869999999890e+00 2.046720000000000136e-02 1.313182400000000027e-01 4.540344800000000181e-01
1.314559459999999902e+00 1.007741210000000054e+00 5.588682555999999835e+01 -1.017724159999999989e+00 2.589195000000000038e-02 1.463459099999999957e-01 1.455030000000000039e-02
2.259398669999999942e+00 9.846568100000000490e-01 6.058536148000000310e+01 -1.054813860000000103e+00 2.425242000000000023e-02 9.559236000000000122e-02 4.565244999999999720e-02
1.166294280000000017e+00 9.557051699999999927e-01 7.906343841999999711e+01 -9.172416899999999984e-01 1.734236999999999931e-02 1.415560200000000046e-01 1.562363099999999894e-01
2.607011270000000103e+00 1.005381939999999918e+00 5.935521316999999897e+01 -5.929961200000000154e-01 2.118207999999999896e-02 1.383027000000000006e-01 7.313672000000000228e-02
2.161489430000000045e+00 9.407430300000000356e-01 7.857331084999999860e+01 -7.291998899999999617e-01 2.664756000000000069e-02 1.562764000000000097e-01 1.591682000000000166e-02
1.960488220000000004e+00 9.546192300000000408e-01 7.825980377000000487e+01 -9.139242499999999936e-01 2.638760000000000064e-02 1.085451199999999949e-01 3.418420999999999960e-02
2.654516829999999938e+00 9.917958999999999525e-01 6.752202606000000173e+01 -8.088155399999999995e-01 2.529758999999999827e-02 1.014281199999999966e-01 3.761661099999999980e-01
3.081246590000000118e+00 9.779184499999999947e-01 5.522055816999999678e+01 -1.289720889999999898e+00 2.596002000000000032e-02 1.577578000000000036e-01 9.357055000000000233e-02
2.839745549999999952e+00 9.927415299999999831e-01 7.400947571000000380e+01 -6.430067400000000211e-01 2.295026999999999831e-02 8.412904999999999689e-02 1.357459299999999869e-01
1.136837620000000104e+00 9.824648499999999451e-01 7.493337250000000438e+01 -9.486061300000000474e-01 2.316964999999999997e-02 1.188832999999999973e-01 1.255965199999999893e-01
2.348040870000000169e+00 9.469735000000000236e-01 7.587892913999999678e+01 -1.302112579999999964e+00 2.034071999999999963e-02 1.023594500000000046e-01 9.133160999999999363e-02
1.451423869999999949e+00 9.530791600000000363e-01 6.863261414000000116e+01 -6.100457900000000322e-01 2.359761999999999971e-02 1.407019200000000081e-01 1.871634100000000023e-01
2.107210629999999973e+00 9.523011999999999588e-01 5.379651259999999979e+01 -7.050356300000000243e-01 2.509228000000000153e-02 8.661230999999999791e-02 6.462513000000000285e-02
2.264207709999999985e+00 9.343509100000000345e-01 7.228435516000000405e+01 -6.232604400000000267e-01 2.052620999999999959e-02 1.445672199999999963e-01 1.469762199999999908e-01
2.983810749999999956e+00 9.549175500000000039e-01 6.591229248000000496e+01 -1.136623069999999958e+00 2.165173000000000098e-02 9.348463999999999385e-02 1.151777000000000009e-02
2.216819839999999875e+00 9.382160299999999786e-01 6.953208159999999793e+01 -1.006644609999999940e+00 2.013471999999999831e-02 1.527348299999999881e-01 2.069687799999999911e-01
1.882257459999999938e+00 9.658629300000000084e-01 7.020410155999999802e+01 -1.333988430000000003e+00 2.727368000000000153e-02 1.111270800000000031e-01 1.635403599999999957e-01
1.854995600000000078e+00 9.769288900000000497e-01 5.757316971000000194e+01 -1.451177120000000098e+00 2.617956000000000102e-02 9.605379999999999474e-02 3.591526999999999914e-02
1.625819700000000090e+00 9.598621699999999590e-01 5.247041320999999670e+01 -6.738837399999999533e-01 2.552083000000000129e-02 1.389453900000000020e-01 6.922026000000000567e-02
2.789365179999999889e+00 9.414940499999999712e-01 6.377760695999999996e+01 -1.151682620000000101e+00 1.822893999999999903e-02 1.218981400000000020e-01 2.429146000000000083e-02
1.355508259999999909e+00 9.508802299999999930e-01 7.286047363000000132e+01 -1.066684720000000031e+00 1.878062000000000134e-02 1.592781400000000125e-01 1.165067399999999975e-01
2.330133420000000122e+00 1.007298349999999898e+00 6.109994506999999686e+01 -4.561372399999999994e-01 1.881238000000000007e-02 1.258400199999999969e-01 2.664945400000000020e-01
2.397966049999999960e+00 9.883417500000000189e-01 5.980492782999999690e+01 -1.514525530000000009e+00 2.192378000000000035e-02 1.439460499999999921e-01 3.363642099999999968e-01
1.212407060000000092e+00 9.627434599999999953e-01 7.353203582999999810e+01 -4.927425699999999908e-01 2.211313000000000167e-02 9.377913999999999695e-02 8.133163000000000198e-02
1.921315330000000099e+00 9.367313999999999918e-01 5.218082808999999855e+01 -7.901427699999999943e-01 2.209401999999999894e-02 1.154788100000000012e-01 5.374984000000000012e-02
1.488967499999999999e+00 9.377339500000000383e-01 7.420115662000000611e+01 -6.772380500000000358e-01 2.388596000000000122e-02 9.176310999999999496e-02 2.032680500000000057e-01
2.663784530000000039e+00 9.952973099999999906e-01 8.176886749000000520e+01 -9.588946499999999595e-01 2.464960000000000068e-02 1.499575099999999883e-01 1.181256900000000054e-01
1.403992029999999946e+00 9.322393500000000222e-01 7.999992371000000446e+01 -9.811782199999999898e-01 1.760188000000000030e-02 1.232135000000000036e-01 4.906012699999999782e-01
1.224182529999999991e+00 9.737177500000000485e-01 7.477924346999999727e+01 -4.796595300000000006e-01 1.930246999999999866e-02 1.059649099999999955e-01 2.373503399999999930e-01
2.954149590000000103e+00 9.782623599999999975e-01 5.849892426000000256e+01 -1.087774870000000060e+00 2.189510000000000067e-02 9.740669999999999884e-02 3.250437999999999938e-02
1.188193320000000108e+00 9.400010699999999941e-01 8.161717987000000107e+01 -1.127951619999999933e+00 2.156388000000000055e-02 8.563134999999999497e-02 9.684465000000000434e-02
2.581939329999999977e+00 9.671032400000000306e-01 6.696902466000000231e+01 -1.433468699999999929e+00 1.791966000000000045e-02 1.495705499999999966e-01 1.971026000000000028e-02
2.362255950000000215e+00 1.000631929999999947e+00 6.808666992000000562e+01 -6.957402799999999887e-01 2.077997999999999998e-02 9.008510999999999602e-02 2.245621999999999896e-02
1.764626110000000025e+00 9.667936000000000307e-01 5.715999984999999839e+01 -7.394778699999999816e-01 2.279627999999999863e-02 9.489118000000000552e-02 1.247511999999999927e-02
2.889829489999999890e+00 1.006779070000000109e+00 5.473954009999999926e+01 -1.411059260000000037e+00 1.996699000000000043e-02 1.283821199999999885e-01 4.189648599999999945e-01
1.666863540000000032e+00 9.710787499999999905e-01 7.959414673000000562e+01 -5.513349199999999506e-01 2.432213999999999904e-02 9.951685000000000392e-02 2.908206899999999928e-01
1.111979400000000062e+00 9.330194000000000543e-01 6.402988433999999529e+01 -1.162287829999999911e+00 1.989037000000000097e-02 1.320468300000000039e-01 1.057321499999999970e-01
2.858982380000000045e+00 9.945117799999999564e-01 7.149502563000000066e+01 -1.474825739999999996e+00 1.815666000000000155e-02 1.392650900000000080e-01 8.675671999999999551e-02
2.123095699999999919e+00 9.801771000000000233e-01 6.094663620000000037e+01 -8.387222300000000130e-01 2.262097000000000066e-02 1.070219300000000012e-01 2.983428000000000122e-02
2.508467430000000054e+00 9.335496399999999584e-01 6.233795546999999715e+01 -1.178700330000000074e+00 2.541124000000000160e-02 1.119671799999999995e-01 1.855930000000000080e-02
2.524245479999999819e+00 9.852233500000000532e-01 5.811332703000000066e+01 -5.195069900000000018e-01 2.673951999999999926e-02 1.290747100000000092e-01 5.495168999999999748e-02
3.025405259999999874e+00 9.312230900000000311e-01 7.059114838000000702e+01 -1.138476129999999920e+00 2.498807000000000111e-02 1.418352599999999908e-01 3.673395000000000132e-02
3.079437589999999947e+00 9.861782799999999627e-01 7.079127502000000050e+01 -8.485536599999999874e-01 2.085361999999999980e-02 1.097284300000000018e-01 3.121501999999999957e-02
1.688374770000000025e+00 9.911668300000000542e-01 5.550984191999999950e+01 -9.915933599999999792e-01 2.172326000000000118e-02 1.161867399999999967e-01 1.040718000000000025e-02
2.556023610000000001e+00 9.394771499999999831e-01 5.439302826000000124e+01 -8.753054700000000299e-01 1.907936999999999828e-02 1.213684200000000046e-01 2.799830400000000163e-01
2.638178560000000061e+00 9.573576499999999490e-01 7.302416229000000669e+01 -4.455231399999999842e-01 2.138694999999999832e-02 1.025185099999999933e-01 7.806891000000000524e-02
1.788420190000000076e+00 9.749067399999999939e-01 5.775585937999999686e+01 -1.371096490000000001e+00 2.574730999999999895e-02 8.289410999999999308e-02 1.498052300000000114e-01
2.728151700000000179e+00 9.686342500000000300e-01 8.054870605000000694e+01 -7.435682399999999914e-01 2.568118999999999957e-02 1.348850400000000116e-01 2.232763899999999913e-01
2.006934170000000073e+00 9.805935000000000068e-01 7.723216247999999950e+01 -9.230359799999999781e-01 1.832488000000000172e-02 1.255378699999999959e-01 3.858910000000000118e-02
2.181057109999999799e+00 9.899765799999999949e-01 6.629019927999999595e+01 -1.538433310000000054e+00 2.225521000000000096e-02 1.123633299999999974e-01 1.017266000000000004e-02
1.813914569999999893e+00 9.436434500000000503e-01 7.516493988000000570e+01 -8.301069100000000311e-01 2.408224000000000128e-02 1.550560099999999941e-01 3.397142899999999743e-01
2.498346419999999846e+00 9.740778199999999831e-01 8.083345031999999719e+01 -1.036413550000000017e+00 2.441534000000000065e-02 1.000667400000000012e-01 1.395748999999999948e-02
2.939000379999999968e+00 9.933972399999999592e-01 6.557482910000000231e+01 -9.095433400000000335e-01 2.693223000000000145e-02 9.267841000000000273e-02 3.107367000000000115e-02
2.026451900000000084e+00 9.631430500000000006e-01 6.296314240000000240e+01 -1.233073709999999990e+00 2.323044000000000150e-02 1.554486800000000057e-01 2.717216000000000076e-02
2.750756729999999983e+00 9.465571000000000401e-01 6.472271729000000562e+01 -1.182593580000000033e+00 2.603164999999999993e-02 1.449699399999999916e-01 1.112789599999999962e-01
1.260532350000000079e+00 9.649299999999999544e-01 7.360868834999999422e+01 -7.141674799999999657e-01 2.102400000000000102e-02 1.506756200000000101e-01 1.717887200000000059e-01
2.448986350000000201e+00 9.431628600000000473e-01 5.701661682000000297e+01 -1.070942400000000072e+00 2.120332999999999940e-02 1.194173199999999935e-01 2.121622000000000091e-02
1.608115420000000073e+00 1.002845530000000096e+00 6.644570923000000562e+01 -1.553897260000000058e+00 2.511023999999999895e-02 1.542614800000000064e-01 3.846876300000000026e-01
1.988214039999999905e+00 1.004013899999999904e+00 5.905546188000000285e+01 -9.696442499999999853e-01 2.142211999999999936e-02 1.207393300000000058e-01 4.066689600000000238e-01
2.410958770000000140e+00 9.482981000000000327e-01 8.022065734999999620e+01 -1.528858070000000069e+00 1.751182999999999906e-02 1.139922399999999947e-01 5.772883999999999655e-02
2.875554020000000044e+00 9.887011100000000496e-01 7.612248993000000041e+01 -1.101412650000000104e+00 2.538094000000000114e-02 1.532532000000000061e-01 2.495284999999999864e-02
1.373363420000000001e+00 9.726740699999999462e-01 5.441924285999999711e+01 -1.023886319999999905e+00 2.250078999999999968e-02 9.836222999999999494e-02 2.493531999999999971e-01
2.304496369999999850e+00 9.964925100000000535e-01 7.788484954999999843e+01 -7.750445000000000251e-01 2.719223000000000126e-02 1.311669900000000111e-01 1.757761700000000094e-01
2.233379699999999968e+00 9.904395900000000363e-01 7.183519744999999546e+01 -1.437223429999999968e+00 1.865699999999999997e-02 1.265979299999999974e-01 1.305830000000000012e-02
2.701802999999999955e+00 9.973383500000000401e-01 6.715749359000000140e+01 -8.564937700000000431e-01 1.977169000000000149e-02 1.279983700000000002e-01 1.700683999999999876e-02
3.055699689999999968e+00 9.997484100000000318e-01 7.883451080000000388e+01 -1.393210410000000010e+00 1.899754999999999847e-02 8.211193999999999438e-02 3.975171000000000260e-02
2.818784319999999788e+00 9.718261400000000050e-01 7.638657378999999992e+01 -9.820467299999999788e-01 2.067787000000000097e-02 8.509498000000000062e-02 2.302610999999999894e-02
2.062420459999999789e+00 9.507523199999999841e-01 6.760906982000000198e+01 -1.113690730000000073e+00 2.476128999999999830e-02 1.369596700000000056e-01 1.513406999999999947e-02
1.434951709999999991e+00 9.872477699999999690e-01 8.138175200999999959e+01 -9.381765100000000190e-01 1.776667999999999997e-02 1.049962900000000060e-01 2.614321999999999827e-02
2.469110689999999941e+00 9.790700100000000461e-01 6.838011932000000570e+01 -1.223091719999999993e+00 2.453926000000000024e-02 1.072615700000000005e-01 1.736035000000000009e-02
1.736414789999999986e+00 9.834857000000000182e-01 5.633076095999999922e+01 -8.932758600000000326e-01 1.940205999999999875e-02 1.570532000000000039e-01 4.662684000000000273e-02
1.398934080000000080e+00 9.643922999999999801e-01 5.868206406000000186e+01 -5.397197599999999928e-01 2.373803000000000024e-02 1.041857900000000003e-01 1.179052000000000051e-02
2.979066099999999828e+00 9.702984099999999446e-01 5.273844528000000054e+01 -6.002254500000000492e-01 1.807392999999999847e-02 1.224925600000000003e-01 1.870828999999999895e-02
2.692367659999999940e+00 9.448971699999999529e-01 6.262911986999999669e+01 -1.198222040000000099e+00 2.367731000000000002e-02 1.479058299999999881e-01 6.637574999999999725e-02
2.818784319999999788e+00 9.718261400000000050e-01 7.638657378999999992e+01 -1.271614910000000043e+00 2.067787000000000097e-02 8.509498000000000062e-02 2.302610999999999894e-02
2.917219799999999807e+00 1.002278570000000091e+00 5.340929031000000293e+01 -5.819457799999999681e-01 2.655545999999999948e-02 8.911721000000000226e-02 3.567085300000000236e-01
2.101003149999999930e+00 9.700000300000000131e-01 6.700000000000000000e+01 -1.000000000000000000e+00 2.230000000000000038e-02 1.199999999999999956e-01 7.071067999999999798e-02
2.371836500000000125e+00 9.624999800000000327e-01 6.371875000000000000e+01 -9.474999899999999586e-01 2.026874999999999857e-02 1.131250000000000033e-01 3.837258000000000335e-02
2.267669829999999997e+00 9.499999900000000164e-01 7.075000000000000000e+01 -1.139999989999999963e+00 2.355000000000000149e-02 1.150000000000000050e-01 1.880301500000000070e-01
2.038503139999999991e+00 1.002500060000000026e+00 7.121875000000000000e+01 -1.227499960000000057e+00 2.276875000000000079e-02 1.231249999999999983e-01 2.713350999999999957e-01
2.059336479999999803e+00 9.750000199999999673e-01 6.043750000000000000e+01 -1.034999970000000102e+00 2.386249999999999830e-02 1.287500000000000033e-01 3.395690999999999987e-02
2.048919699999999899e+00 9.412500299999999598e-01 6.301562500000000000e+01 -8.862500199999999717e-01 2.144062999999999872e-02 1.153124999999999983e-01 4.609566999999999831e-02
1.976003139999999991e+00 9.449999900000000119e-01 7.356250000000000000e+01 -9.649999700000000402e-01 2.198750000000000010e-02 1.262500000000000011e-01 2.082364999999999911e-02
2.382253060000000033e+00 9.812499900000000164e-01 7.051562500000000000e+01 -1.166249990000000070e+00 2.394061999999999926e-02 1.253125099999999881e-01 3.259456199999999915e-01
2.309336500000000125e+00 9.850000100000000369e-01 6.606250000000000000e+01 -1.245000000000000107e+00 2.448749999999999885e-02 1.162500000000000061e-01 1.472454499999999999e-01
2.215586379999999966e+00 9.612500099999999881e-01 7.426562500000000000e+01 -7.462499700000000402e-01 2.269062999999999983e-02 1.103124999999999939e-01 1.225752199999999986e-01
2.142669820000000058e+00 9.649999700000000402e-01 6.231250000000000000e+01 -8.249999900000000164e-01 2.323750000000000121e-02 1.212499999999999967e-01 3.915474400000000244e-01
1.882253020000000054e+00 1.001250030000000013e+00 6.676562500000000000e+01 -1.026250000000000107e+00 2.019061999999999940e-02 1.203125000000000028e-01 1.733476000000000114e-02
1.809336459999999924e+00 1.004999999999999893e+00 6.981250000000000000e+01 -1.105000020000000083e+00 2.073749999999999899e-02 1.112500000000000017e-01 5.537316999999999934e-02
1.923919689999999960e+00 9.362499699999999869e-01 7.145312500000000000e+01 -1.201249959999999950e+00 2.050311999999999968e-02 1.215625000000000039e-01 3.609728000000000242e-02
1.830169790000000019e+00 9.674999699999999869e-01 7.215625000000000000e+01 -1.052500009999999930e+00 2.120624999999999941e-02 1.168750000000000067e-01 7.990569999999999617e-02
2.257253050000000094e+00 9.762499900000000119e-01 6.395312500000000000e+01 -9.212499899999999631e-01 2.300313000000000010e-02 1.115624999999999950e-01 2.552463400000000160e-01
2.163503149999999930e+00 1.007500049999999980e+00 6.465625000000000000e+01 -7.724999799999999750e-01 2.370625000000000163e-02 1.268749999999999878e-01 1.130037000000000055e-02
2.423919730000000161e+00 9.562500099999999836e-01 6.020312500000000000e+01 -1.061249969999999987e+00 2.425311999999999954e-02 1.265625099999999892e-01 9.598803000000000196e-02
2.330169829999999997e+00 9.474999899999999586e-01 6.090625000000000000e+01 -1.192499999999999893e+00 2.245625000000000052e-02 1.118750000000000022e-01 3.004936999999999886e-02
2.090586370000000027e+00 9.962499700000000402e-01 6.770312500000000000e+01 -7.812500000000000000e-01 2.175312000000000079e-02 1.165624999999999994e-01 1.357475999999999995e-02
1.996836470000000086e+00 9.875000099999999836e-01 6.840625000000000000e+01 -9.125000199999999673e-01 1.995624999999999830e-02 1.218749999999999972e-01 2.124811100000000008e-01
2.007253030000000216e+00 9.662500000000000533e-01 6.582812500000000000e+01 -1.271250009999999930e+00 2.362811999999999898e-02 1.190625000000000017e-01 5.886344999999999772e-02
2.080169810000000119e+00 9.375000000000000000e-01 6.653125000000000000e+01 -1.122499939999999974e+00 2.308125000000000107e-02 1.243749999999999994e-01 1.303013899999999892e-01
2.340586389999999906e+00 1.006250019999999967e+00 7.332812500000000000e+01 -9.912499799999999750e-01 2.112812999999999844e-02 1.290624999999999967e-01 4.162275200000000175e-01
1.934336470000000086e+00 9.900000100000000414e-01 6.325000000000000000e+01 -8.600000100000000369e-01 2.104999999999999927e-02 1.250000000000000000e-01 2.659148000000000067e-02
1.955169799999999958e+00 9.524999899999999631e-01 6.184375000000000000e+01 -7.375000099999999836e-01 2.089374999999999913e-02 1.206249999999999961e-01 1.663928500000000088e-01
2.413503180000000192e+00 9.775000200000000250e-01 7.403125000000000000e+01 -8.424999699999999869e-01 2.058124999999999885e-02 1.143750000000000044e-01 1.842740000000000003e-02
2.173919709999999839e+00 9.462500200000000250e-01 6.957812500000000000e+01 -1.131250019999999967e+00 1.987811999999999912e-02 1.140624999999999972e-01 1.565266499999999894e-01
2.246836490000000186e+00 9.574999800000000283e-01 7.028125000000000000e+01 -1.262500050000000096e+00 2.183124999999999996e-02 1.293749999999999900e-01 4.900117999999999835e-02
1.840586459999999924e+00 9.862499799999999706e-01 6.207812500000000000e+01 -8.512499900000000119e-01 2.237812000000000134e-02 1.240625000000000061e-01 2.213620999999999991e-02
1.913503130000000052e+00 9.975000000000000533e-01 6.278125000000000000e+01 -9.825000200000000294e-01 2.433124999999999871e-02 1.193749999999999950e-01 3.464906799999999953e-01
1.819753130000000052e+00 9.487500199999999717e-01 6.348437500000000000e+01 -7.287499899999999586e-01 2.472188000000000163e-02 1.296875000000000111e-01 2.258742300000000092e-01
1.871836459999999924e+00 9.425000000000000044e-01 6.746875000000000000e+01 -8.074999999999999956e-01 2.401874999999999843e-02 1.181249999999999939e-01 1.020383499999999999e-01
2.153086379999999966e+00 9.887499800000000283e-01 7.098437500000000000e+01 -1.008749960000000057e+00 2.222187000000000121e-02 1.196875000000000022e-01 3.194344999999999823e-02
2.205169820000000058e+00 9.825000200000000294e-01 5.996875000000000000e+01 -1.087499980000000033e+00 2.151874999999999968e-02 1.281249999999999889e-01 1.443039999999999948e-02
2.319753060000000033e+00 9.687500000000000000e-01 6.723437500000000000e+01 -8.687499800000000327e-01 2.097187999999999830e-02 1.246875000000000067e-01 1.201265999999999966e-02
2.017669810000000119e+00 9.599999799999999750e-01 6.887500000000000000e+01 -1.210000039999999943e+00 2.417499999999999857e-02 1.275000000000000022e-01 1.630689000000000097e-02
2.288503159999999870e+00 9.925000099999999881e-01 6.934375000000000000e+01 -1.017500040000000050e+00 2.339375000000000135e-02 1.106250000000000011e-01 2.353150999999999854e-02
2.351003169999999809e+00 1.000000000000000000e+00 6.137500000000000000e+01 -9.300000099999999881e-01 2.167499999999999982e-02 1.174999999999999933e-01 1.153071600000000058e-01
2.121836479999999803e+00 9.324999999999999956e-01 7.309375000000000000e+01 -8.774999999999999467e-01 2.464374999999999899e-02 1.256249999999999867e-01 6.257374999999999743e-02
2.184336490000000186e+00 9.399999999999999467e-01 6.512500000000000000e+01 -1.070000049999999980e+00 2.042499999999999871e-02 1.224999999999999978e-01 3.066187799999999797e-01
1.788503119999999891e+00 9.725000299999999598e-01 6.559375000000000000e+01 -1.157500030000000013e+00 2.214375000000000024e-02 1.156250000000000056e-01 4.424632199999999904e-01
1.851003130000000052e+00 9.800000199999999717e-01 7.262500000000000000e+01 -7.900000200000000250e-01 2.292500000000000093e-02 1.125000000000000028e-01 4.336244999999999683e-02
1.798919790000000019e+00 9.512500200000000294e-01 6.864062500000000000e+01 -9.562500099999999836e-01 2.331563000000000038e-02 1.228125000000000050e-01 2.826760000000000037e-02
1.892669799999999958e+00 9.549999799999999706e-01 6.418750000000000000e+01 -8.949999800000000283e-01 2.261250000000000066e-02 1.137500000000000039e-01 1.276984999999999926e-02
2.132253040000000155e+00 9.912499799999999750e-01 6.114062500000000000e+01 -1.236250040000000050e+00 2.081563000000000163e-02 1.128124999999999961e-01 1.998821000000000070e-01
2.226003159999999870e+00 9.949999999999999956e-01 7.168750000000000000e+01 -1.174999949999999904e+00 2.011249999999999843e-02 1.237499999999999989e-01 9.029642999999999697e-02
2.298919720000000222e+00 9.312499800000000327e-01 6.489062500000000000e+01 -8.162500299999999598e-01 2.206562000000000107e-02 1.278124999999999956e-01 7.516771999999999343e-02
2.392669839999999937e+00 9.350000000000000533e-01 6.793750000000000000e+01 -7.550000000000000044e-01 2.136249999999999954e-02 1.187499999999999944e-01 2.401115900000000136e-01
1.965586360000000088e+00 9.712499999999999467e-01 7.239062500000000000e+01 -1.096250060000000026e+00 2.456561999999999982e-02 1.178125000000000006e-01 1.063032000000000039e-02
