1.838612514536434872e-01 1.000000000000000000e+00 2.551291353897548464e-01 1.787858417336559147e-01 6.517770566017870582e-03 6.678794008538698757e-01 5.489795872065154209e-02
1.857972508037367410e-01 3.185986386710467078e-01 9.085634220833163077e-01 5.744049400936932503e-01 0.000000000000000000e+00 7.749898363945190161e-01 2.104266854548899890e-01
2.866817478434705579e-01 2.281581747873351051e-01 6.836598044411145159e-01 2.666139750718828916e-01 9.207224424572385546e-01 6.806126654395004971e-01 3.591882673265441306e-01
3.211395453148233603e-01 3.827494433433500931e-01 3.888305637446190510e-01 3.086510717157487371e-01 2.294138436923225111e-01 4.784563305232434893e-01 3.008272134334381148e-02
2.785673944021785364e-01 6.765861941544878411e-01 6.553876597852577035e-01 7.165532338485131048e-01 1.146887973489901236e-01 4.124586631373582390e-01 4.773044844269370146e-01
2.305946761851040971e-01 3.827494433433500931e-01 3.888305637446190510e-01 3.086510717157487371e-01 2.294138436923225111e-01 4.784563305232434893e-01 3.702142135123884931e-02
3.221656681336370065e-01 0.000000000000000000e+00 8.428250899922756778e-01 3.055255386150658101e-02 6.109274607277386249e-01 9.938518122197387283e-01 1.461153614477705021e-03
2.007140534342624905e-01 6.848794116584495939e-02 6.137853662585023018e-02 6.641577845574380135e-01 6.059986044137177785e-01 3.637588047549166759e-01 1.213578849935685600e-02
4.047438935901836454e-01 1.875578919746999917e-01 2.893121975496640991e-02 1.522875055942302380e-01 4.818296881277490257e-02 8.413609099480431341e-01 1.911096843295823078e-01
5.280630710147564688e-01 8.243311405107244250e-01 4.102871114873533620e-01 4.113403784635462079e-01 5.025500160603181277e-01 7.872939568636523333e-01 2.180779783285596157e-02
2.469451034727287997e-01 9.002471282981885370e-01 8.557755496296924891e-01 5.651968849651602816e-02 9.825098602299190409e-01 4.345090527824409521e-01 6.501902540733367312e-03
1.789079825170905302e-01 2.281581747873351051e-01 6.836598044411145159e-01 2.666139750718828916e-01 9.207224424572385546e-01 6.806126654395004971e-01 5.515747698705953939e-01
8.906619725888999251e-02 4.789421210187083666e-01 2.710763741919310355e-01 8.066989240059123656e-01 2.699341778677737391e-01 2.313700032325470834e-01 8.857716029859253881e-01
3.083151352356608976e-01 2.882304434935664128e-01 1.476245137756575510e-01 9.797846597139961977e-01 3.671046417844169851e-01 2.902782859933200066e-01 1.331121599939687206e-01
2.242475334187636893e-01 3.669978823912692367e-01 3.189053273330439975e-01 5.328731782369656722e-01 2.928878466184218765e-01 7.054632839275878364e-01 4.242112475358201795e-01
7.890410239354062050e-02 9.947502825274143756e-01 4.323702445117064697e-01 2.770425567136122202e-01 2.191241638817035264e-01 8.671542488695599404e-02 2.732825382734804798e-01
6.011482271230039753e-01 1.536687999097436919e-01 7.932944293024022375e-01 9.514848831006628149e-01 8.981443535646352894e-01 6.322271741672507162e-01 1.556933505687765062e-01
9.614627307125347411e-01 4.956720539663805325e-01 5.735968842193711614e-01 1.664643252406507734e-01 7.536115577904626273e-01 4.624187832062955361e-01 3.759419115360344565e-01
7.409075250982066763e-01 3.480480413862261369e-01 9.316150545615399237e-01 8.237372503789605060e-01 9.541148146619127246e-01 5.530117410275233736e-01 8.285988630027674162e-02
6.690295236168535276e-01 5.711610973535914404e-01 3.090109532570110007e-01 6.014261412022142705e-01 5.155281629513126518e-01 4.481635805956808542e-03 2.484118712247382621e-01
4.335887503411864907e-01 8.742537188086892952e-01 5.989225315145417783e-01 8.995673229901830492e-01 6.643645198871045432e-01 1.008641032627395073e-01 7.963728471541277332e-02
1.106839138471605727e-01 9.363139156873544477e-01 3.290594891529041166e-01 5.173547899151597074e-01 6.815425155392390577e-01 1.314854404605706462e-01 6.495773846607511004e-01
2.177614709561072615e-01 5.471366012918579130e-02 8.296188391583659838e-01 4.604958657822148110e-02 1.944949860592409263e-01 0.000000000000000000e+00 6.153764239810780579e-01
4.948644068964556664e-01 6.512742731138483343e-01 6.370431519703870782e-01 2.248657610302197685e-01 3.146442916392702682e-01 6.450051306845406840e-01 9.238871515166426907e-01
1.028707841316341826e-01 9.782333147200127366e-01 1.252532288435440899e-01 4.837474011031582255e-01 8.608713251323338866e-01 8.358050172279776202e-01 9.111946934217761418e-03
5.826630717388836533e-01 6.856040001952191654e-01 2.840517168569135498e-01 4.502842415699853107e-01 6.957843426496604922e-01 1.914089410780049350e-01 7.385028547737820803e-02
2.758126488666068354e-02 3.185986386710467078e-01 9.085634220833163077e-01 5.744049400936932503e-01 0.000000000000000000e+00 7.749898363945190161e-01 3.040277930159072106e-01
7.591818304757314007e-01 9.483260369532546807e-01 2.424758525906248185e-01 8.669465685467285798e-01 3.866267390706763507e-01 7.336838264216160033e-01 1.310580983093409257e-01
5.329444553433096976e-01 1.289311241580430589e-01 8.919983647176025210e-01 7.440604712062385273e-01 9.369549435069491894e-01 9.618881934835608050e-01 1.195632375016134410e-02
4.308754161490904178e-01 3.048327241220421535e-01 8.814026278469806464e-01 5.773980088961297996e-01 9.107791419258888244e-01 3.558645844627990606e-01 4.997943398916230434e-02
7.833053015015193354e-01 7.761026491976095176e-01 5.184932250022622480e-01 6.722294454150553600e-01 8.010242354734670167e-01 2.655030851399072245e-01 7.618061089242791351e-01
1.000000000000000000e+00 6.001852036130553847e-01 1.027350963984453025e-01 2.383458484216503803e-01 8.677254058125261071e-01 9.806968944947919153e-01 1.735905986115190147e-01
8.773650212493510070e-01 7.880899245304788803e-01 7.377524182964282362e-01 8.218258650788416997e-01 5.646687093646254318e-01 4.586420610496860784e-02 2.613775853190757892e-01
1.262308138084606082e-02 6.578176270486008059e-01 7.689777650492111150e-01 5.461072385919656380e-01 5.867584437501195405e-01 4.871240259507763071e-01 2.402518451180498948e-01
6.276758564184478084e-01 2.079116549609786591e-01 8.009351592927780317e-01 2.271657876674349485e-01 3.019088116270662869e-01 2.773277830694266255e-01 1.689303016321196949e-01
1.723709569344929193e-01 2.853100322426690982e-01 5.560282595135384032e-01 8.515639737239624196e-01 6.298514496073528424e-01 7.641456946814824125e-01 3.684017694116926145e-01
5.053815119927935751e-01 2.754482250686584588e-01 5.460600103161958319e-02 7.658620087592805659e-01 7.803512326168451363e-01 7.739309423319179482e-02 1.133414390121354476e-01
5.851051171984437138e-01 4.790143770484423663e-02 6.794477592185442782e-01 8.396414199927366706e-01 3.205861059618519415e-01 8.132217524772913375e-01 2.847531499008770228e-01
9.505217775958577642e-01 3.086143765413827400e-01 4.640883501730095340e-01 3.764741367292120389e-01 4.339165729395216275e-01 1.646481234086433765e-01 2.799812442477145683e-03
5.610414095204622198e-01 9.689761764264002986e-02 5.864279574401267681e-01 4.937436197084789646e-01 2.811663315312882827e-01 9.169223967775083084e-01 4.096261461198157927e-01
3.911495930625847883e-01 4.473634471957373959e-01 6.091405120273023499e-01 1.984066805890415675e-01 1.000000000000000000e+00 3.886466241974814162e-01 3.192309883460104358e-01
3.773059358186940382e-01 5.876410497913775455e-01 1.822473448511090777e-01 9.267641507183507765e-02 8.898312508621721850e-01 1.972676470282022920e-01 5.358259159461797871e-02
2.609297014693064409e-01 3.712948343910808524e-01 9.787235851794832617e-03 7.939679428819576001e-01 8.235026396316297292e-01 7.418437859551032520e-01 1.229060858802726308e-01
8.517817127700176849e-01 1.384514265178354575e-01 3.919414434063515085e-01 3.628870728233891674e-01 8.927019698307669948e-02 5.254021575537870525e-01 2.938792508630991285e-02
1.236647120495618646e-01 2.574353039158329137e-01 6.989190889072561808e-01 4.395740853277952387e-01 1.448197669793815368e-01 1.000000000000000000e+00 2.213316979602859280e-01
6.185823976481322761e-01 9.726194015045730445e-01 3.014433251025073202e-01 9.904237208281260196e-01 1.480177338135654219e-01 5.754505187946077349e-01 5.335275099457544856e-01
6.530280180009497837e-01 7.323161290036345195e-01 2.576750570367293824e-01 3.552205820179205054e-02 4.613097365805719496e-01 8.053350231623551680e-01 6.789594608031357392e-01
5.099747789938044451e-02 4.078194968318266667e-01 7.216161723780858406e-01 9.573975707769140087e-01 4.803757006880262082e-01 1.683872637136302752e-01 1.481155961964879808e-01
4.109833008490838546e-01 7.807771072615356245e-02 0.000000000000000000e+00 6.890764374758227007e-01 4.784514832383641725e-01 4.438986752651233880e-01 9.070479795114616550e-02
1.914357289423991026e-01 9.078653223664745475e-02 7.442307424397982540e-01 7.909416091382572844e-01 6.588848802423850071e-01 1.427905946845548779e-01 4.019231702291835018e-01
7.880114683675809584e-01 8.204882606135557310e-01 1.000000000000000000e+00 5.368247050012319166e-01 7.357770525741317291e-01 8.816599548357555438e-01 2.247015014363945018e-01
1.482849211538429524e-01 2.113425487236963995e-02 9.402142279153514748e-01 5.167199681638181552e-01 2.613049033813272595e-02 5.421027198341522579e-01 1.000000000000000000e+00
5.697709816614571210e-02 5.469350449983941820e-01 7.637685983343659446e-01 9.692013830131652741e-01 1.973657050278360969e-01 3.231047637282313256e-01 4.728645948042103364e-01
9.354597483544119241e-01 6.045447775053038875e-01 2.135354791368840321e-01 4.205460787915184517e-01 4.584219000313151104e-01 2.144448386024527808e-01 4.648291033292126229e-02
3.870166546572079841e-02 1.195256708560370473e-01 9.948733466942725201e-01 3.842977134832416541e-01 4.250708114035308682e-01 6.493826546042458236e-02 1.804055549481118625e-01
7.464502214145962711e-01 4.630862325008895386e-01 4.998031931105242354e-01 1.086533489251807066e-01 5.812828317714389958e-02 8.767468895304323384e-01 1.985227316083445007e-02
6.348943182260605722e-01 8.881125520766320891e-01 5.375767422426780406e-01 7.742484820919491861e-01 3.461386262235294220e-01 1.214857477176007616e-01 2.556791944592974944e-02
3.314160279083306904e-01 4.591610821417960731e-01 1.682832611071891082e-01 7.347874470399939906e-01 5.491632020347766430e-01 1.825063590778328304e-01 4.792512252756969508e-03
9.027978016533143579e-01 9.660367504308448039e-01 8.647791681661746999e-02 1.288716485007787849e-01 2.642773209173815419e-01 6.077264731895385408e-01 8.508906245196347085e-01
2.817718909946394512e-01 5.134817708812005055e-01 9.265000045930721351e-01 9.045342379520734388e-01 7.028045645539207076e-01 2.412365089405447693e-01 5.841617758775856650e-01
0.000000000000000000e+00 3.102255592394882744e-02 4.004677731367355942e-01 3.533188144089832172e-01 2.565623266215636411e-01 6.542557257093637446e-01 1.989046614022424719e-01
8.871335433156736228e-01 8.105304923614603529e-01 6.527704414237057717e-01 7.134009949636865855e-02 8.199220445238362964e-02 7.459028798617394207e-01 1.594077838120423196e-01
5.134479999131046357e-01 6.288169723075603956e-01 2.962618776964316414e-01 6.452469586713193150e-01 5.315109487066661531e-01 3.365252937288331636e-01 4.092516471906201131e-02
7.091409622276801938e-01 3.774414139871093421e-02 3.432849078874755100e-01 3.385110886565990129e-01 8.124678416039777806e-01 3.993130139096018882e-01 1.745657903262672409e-02
7.171531050593493717e-01 6.927857424909200645e-01 2.005032797137616674e-01 9.332501105312707157e-01 9.462145477283457895e-01 6.165199916405773584e-01 9.320641832716831943e-02
9.716435990587949378e-01 8.251638595621535108e-03 6.222217038821438173e-01 3.748022644195265762e-01 7.698581556713062213e-01 7.785352270185070811e-01 5.528665330734570948e-02
9.990813841772278048e-01 7.048909092407222854e-01 6.289854720823441214e-01 6.363768219344565491e-01 3.535535593995152159e-01 3.708885644773798895e-01 4.379914010533219465e-02
2.926953604503002571e-01 7.681282455792316499e-01 1.125121467156083438e-01 5.073231951680720053e-01 4.411190467320021957e-01 4.528869591228800728e-01 4.881474481713323215e-04
7.332901382468063334e-01 1.128842008388031976e-01 7.476670353494264953e-02 6.122407387137476231e-01 1.749013977008067044e-01 5.186765297019784171e-01 5.616034815245495304e-01
7.750086772125625023e-01 3.395462955157521057e-01 7.044513466478621311e-01 1.000000000000000000e+00 4.072554376008802324e-01 2.793472997312642647e-01 1.413243270420552478e-01
3.434987356895942701e-01 5.620072725060104579e-01 1.884217880959019320e-01 1.649269562519197485e-01 8.463072847388710684e-01 3.018470210415191354e-02 2.906416626603482434e-01
8.206973173609823924e-01 4.824940753224747914e-01 9.587616663779352510e-01 7.310970234490858921e-01 8.396495527780321044e-01 6.902912618893870533e-01 4.435700238584875388e-01
4.544608139233762278e-01 6.340954654270748447e-01 8.466709825322186189e-01 5.691772016474004880e-01 9.893055397525625516e-02 5.716142497176915915e-01 5.914810110913253788e-02
5.428809840679871268e-01 7.530400456860937286e-01 4.768606327460816474e-01 1.395192265947169802e-02 4.946819704550558527e-01 4.043427607069551843e-01 0.000000000000000000e+00
3.564448610957661745e-01 1.656982879757730454e-01 7.768041497876334578e-01 6.530198936799426201e-01 6.786486374909251884e-01 9.463934245979819249e-01 6.859325675879294204e-01
7.040014818913423733e-01 5.514994710731859762e-01 9.683852938900707752e-01 4.668854141054827322e-01 7.121890264224961520e-01 2.482182266393876402e-01 7.878027913450033615e-03
9.277669324293164044e-01 7.964020300141407827e-01 4.526829516794546593e-01 5.813505641939744617e-01 9.656188357829933455e-01 1.544117665730252442e-01 4.350492365556664354e-02
4.643719778827981037e-01 4.128848980461083396e-01 3.644146259315850789e-01 2.894542052281047773e-01 5.928794892113931070e-01 9.513789873265361408e-01 3.538402927336072035e-02
8.321762218564154878e-01 2.026331618414642100e-01 4.238837535142664370e-01 3.349985111525339287e-01 8.749379487701016700e-01 8.183349157493603476e-01 2.104502061190735573e-01
7.543564974542638080e-02 4.355371633677136423e-01 7.242068313590250828e-01 7.576230487951125525e-01 3.707094028884407866e-01 8.907774897913216527e-01 3.363997410562206136e-01
6.789362849233272490e-01 1.596060905494820770e-01 1.634372816875457879e-01 4.357327109009004329e-01 3.887664366533719607e-01 4.939042490600091817e-01 2.298689080985414496e-02
2.519394130564882595e-01 9.161732446063113322e-01 4.821164710224092875e-01 0.000000000000000000e+00 7.821596546679137063e-01 9.363056176488437909e-01 7.795434372653202715e-01
4.449546737230714588e-01 9.309840827572390953e-01 2.323450262135315081e-01 5.271261746891022781e-01 4.107967629648051622e-01 5.106892435408096897e-01 8.252970196758265820e-01
6.596257616011974578e-01 2.247029421514425140e-01 9.476744599711459660e-01 2.259091903011952937e-02 1.706320717005105347e-02 4.250243329792681157e-01 9.898698580835973981e-02
8.955486736159962158e-01 7.368715547659518972e-01 8.091668905916082899e-01 4.082417676803928863e-01 8.094168845801812395e-01 9.235039185428601805e-01 3.076459164245026745e-02
1.327316177953485055e-01 5.337048391891348054e-01 7.565268991766983808e-02 4.781877620888514424e-01 5.194098260954496116e-01 2.265767935621271489e-01 4.978482443000220581e-01
6.055638239725101846e-01 8.356392091640942876e-01 8.687301349206664192e-01 7.026984354344180117e-01 9.917986650300916196e-01 6.430847742460712446e-01 3.446995173747042784e-01
5.694505579001698514e-01 7.589093903048899081e-01 6.642673782569044061e-01 1.052657472731319960e-01 1.323722650888956576e-01 5.850733772956352441e-01 6.006386672100981483e-03
8.073173656033947321e-01 8.463614969167604363e-01 5.061729605510799646e-01 6.292130765377307311e-01 2.446122414867727968e-01 6.028541638787110468e-01 1.422517280975418852e-02
9.870272047745841659e-01 8.769126139379358476e-01 9.008262544763273594e-01 1.449752814509960019e-01 1.666628068200467772e-01 2.025382477867963826e-02 6.156804441767113611e-02
8.667208435032117686e-01 5.229560575589000671e-01 8.180922491268548535e-01 5.159363789547882773e-01 3.358570017449863943e-01 5.812820540818080389e-02 2.675413106642420685e-02
4.826369244490381627e-01 2.558138532556091804e-01 5.214350812984249739e-01 3.971642084172805620e-01 7.470233030687791764e-01 7.166319500080114979e-01 1.032704942363861164e-02
1.640063428873762552e-01 7.184482954232145335e-01 9.869164876128965203e-01 5.555170757686042071e-01 4.272447441475500651e-02 3.108066106477003765e-01 3.324231668884165825e-02
6.891554873262271119e-01 6.147829498587531472e-01 5.474945808677003090e-01 2.984601805751292969e-01 7.246667358082669042e-01 3.395679001216584947e-01 1.496099493325345545e-02
3.170902319253081636e-01 6.707584284440305522e-01 1.402571090938860843e-01 5.960274496484995188e-01 2.073935865459842764e-01 9.717508902201101861e-01 7.587845361665701560e-02
1.457164784226156751e-01 4.287210112294742581e-01 2.197251356235520592e-01 9.150136959170429574e-01 6.439895643172954820e-01 3.005160394518026079e-01 3.367534668678454773e-03
9.481124295784361111e-01 5.035897936456521506e-01 1.884603377944676569e-02 8.604241048139953385e-01 7.366198416925853754e-02 5.329492535812583309e-01 1.776669794915003084e-02
8.025260706242710596e-01 1.815910650982451580e-01 3.531255193610427501e-01 3.208981638798999447e-01 6.378755672715884506e-01 8.556106530329186111e-01 1.169853102628505004e-01
8.667208435032117686e-01 5.229560575589000671e-01 8.180922491268548535e-01 2.546814698271734900e-01 3.358570017449863943e-01 5.812820540818080389e-02 2.675413106642420685e-02
9.167066862064561228e-01 9.089861781821036990e-01 4.151887873990069144e-02 8.769164332346554014e-01 9.276812424544191860e-01 1.091967361685454718e-01 7.213056483043339684e-01
5.022293343545727318e-01 4.998073806365253002e-01 5.008500803199551488e-01 4.997385359376669833e-01 4.991919495011232222e-01 5.013022873381407507e-01 1.260083574123531114e-01
6.397593512945289884e-01 4.047330234775057267e-01 3.899522288049947494e-01 5.471052229187740590e-01 2.946620335081674424e-01 4.140133583168002507e-01 5.869742020567843277e-02
5.868631924954784695e-01 2.462769446854739808e-01 6.275904820513384941e-01 3.734274037362041998e-01 6.250565131890959414e-01 4.378194298680749830e-01 3.702058667988153418e-01
4.704916350127175684e-01 9.117938953796084212e-01 6.434330322677614955e-01 2.944829675380727374e-01 5.463911608841129919e-01 5.409790732569320637e-01 5.436030131511110364e-01
4.810708698193462141e-01 5.631897360943587394e-01 2.790543772900342945e-01 4.681607776984181846e-01 6.565226541110887881e-01 6.123972879107562051e-01 4.950631478837199534e-02
4.757811965576899671e-01 1.353581078554338679e-01 3.661884034803603583e-01 6.023663201374640508e-01 4.126605654238966192e-01 4.417871084599540588e-01 7.477283669679872513e-02
4.387539407488934562e-01 1.828944624626755444e-01 7.226457833498760586e-01 5.313163483102618656e-01 4.677258085791300424e-01 5.806558591757232657e-01 2.216976628431849630e-02
6.450489128395014982e-01 6.424174585779639512e-01 6.196692069431271044e-01 3.497440647567627847e-01 6.643886858833324416e-01 5.687529503658006469e-01 6.572734292406108292e-01
6.080216570307048762e-01 6.899545737749919194e-01 4.691649798871093124e-01 2.786940387962143495e-01 7.194549359550752587e-01 4.536901442355915082e-01 2.853135453361114737e-01
5.604150546985957604e-01 3.888877832166989235e-01 7.464096086745104497e-01 7.286775064722730288e-01 5.385251291118693384e-01 3.783042509898880690e-01 2.339630855872634196e-01
5.233877988897991385e-01 4.364241378239405722e-01 3.424245781557259671e-01 6.576274714895002926e-01 5.935903722671027616e-01 5.171730017056572759e-01 7.938219582718024636e-01
3.911473384167843403e-01 8.959478945290153540e-01 4.929288052117437036e-01 4.760551969582255127e-01 2.867949948194145060e-01 5.052699659300200485e-01 1.490772999551380137e-02
3.541200826079877184e-01 9.434843759012192521e-01 5.959053816184927133e-01 4.050051619754527765e-01 3.418612448911572677e-01 3.902072867655255184e-01 9.408371828646924784e-02
4.123058029520107470e-01 7.197486504284913988e-02 6.513543073759728852e-01 3.181663065175142080e-01 3.182611357414076858e-01 5.211406802975364627e-01 5.396144080595034753e-02
3.646993123365854239e-01 4.681153789353391104e-01 6.751181327006072763e-01 4.523718489565599632e-01 3.890604562741470374e-01 4.616255014193497153e-01 1.451475589682304779e-01
5.815735192338221671e-01 5.790349763551655426e-01 3.978735039132061946e-01 5.707885618982153630e-01 5.699912700338625182e-01 3.941749653574045387e-01 5.101146661519596615e-01
5.339670286183968440e-01 9.751762508374417493e-01 4.216373292378405857e-01 7.049941584706074238e-01 6.407895836500925313e-01 5.885912163594813062e-01 2.347299841281310414e-03
6.662073773747279049e-01 3.255053009939004593e-01 2.711331021818228493e-01 4.444774387189769360e-01 6.958548268053256214e-01 5.846236647333171721e-01 1.786225220850190532e-01
6.186008867593025817e-01 2.145857035740740548e-01 2.948969275064571849e-01 3.260607167550971797e-01 5.149250199621198121e-01 3.981426439492837810e-01 4.137286911368579650e-02
4.969396610929164848e-01 8.325646517164305704e-01 5.246139056445895399e-01 6.970996940996782021e-01 4.441256994293804605e-01 4.576578228274705284e-01 7.081385099026471855e-03
4.493331704774911617e-01 7.216458148863904576e-01 5.483777309692239310e-01 5.786829811580227467e-01 2.631958925861742626e-01 5.251083588894155385e-01 4.210999215887663572e-01
4.546227320224637269e-01 4.522701386745336949e-01 4.612437047788978672e-01 2.550106907945487444e-01 6.329225449613392618e-01 4.893992515625035233e-01 1.013486478251159895e-01
4.916500995479440306e-01 8.782086589344223482e-02 4.850075301035322584e-01 3.892163415002869442e-01 5.778573018061061717e-01 5.568497876244484779e-01 2.500449130204797643e-01
6.238904483042749805e-01 9.593302499868486821e-01 7.147245082416645579e-01 5.076330003085961495e-01 3.811944245019033839e-01 6.163649665026352809e-01 8.451929205465096295e-01
4.175954762136670495e-01 7.533370559977903280e-01 3.741096785885718035e-01 6.260496681391297669e-01 3.733273858131504475e-01 5.647851448082067405e-01 3.417535854078299073e-02
4.281747059422646995e-01 2.779681857968724912e-01 3.265820279393030212e-01 7.365719167098560005e-01 3.575943153521538576e-01 5.092376445218990133e-01 3.251683741315905540e-01
6.609178209077866128e-01 5.948809772057586098e-01 7.384883335662989490e-01 6.418385968809880993e-01 3.261281744301606778e-01 4.298840726843167759e-01 1.718203251883771224e-02
5.392565901633692427e-01 1.987404633132686393e-01 5.879841065102812125e-01 3.813218229960115280e-01 2.553288538974213262e-01 4.259163940924375336e-01 3.046321283821960546e-01
5.762839576888497684e-01 3.413505412547073181e-01 6.117479318349156037e-01 2.629051010321315496e-01 4.519927381181333970e-01 6.203326450945143566e-01 8.082058227131810879e-02
3.699889297398997745e-01 7.057998140357973904e-01 3.345033030475145219e-01 6.339441325100589886e-01 5.070579812733668756e-01 5.528821090325695131e-01 2.490182672509865663e-02
4.070162414070382928e-01 8.484106525670236376e-01 3.582671283721488575e-01 5.155274105461791212e-01 7.037218654940785578e-01 4.933669301543825436e-01 7.000374519743942647e-01
3.594097000113021800e-01 2.304317044246671775e-01 3.820309536967832487e-01 7.444663810807852222e-01 7.430550451048251182e-01 6.243003236863937655e-01 4.489773621100542345e-01
3.858577768718118306e-01 1.512033481162406989e-01 5.166926305363780392e-01 6.734163551202367870e-01 6.722557245720853780e-01 4.774962157868660739e-01 1.912161101313262779e-01
5.286773604347716482e-01 7.374910551471972608e-01 6.355117571595499948e-01 4.918441257000839562e-01 4.913249108123702302e-01 4.973346087462617859e-01 4.531534872579715684e-02
5.551254931536232506e-01 6.582634594285571294e-01 2.632118270736113486e-01 4.207940907173112199e-01 4.205265971961402172e-01 6.044619307269978314e-01 8.862378116906899708e-03
6.133112185756773860e-01 4.839613797859322331e-01 5.087713554281666495e-01 6.181552488793223832e-01 3.654613540409067940e-01 5.608174662163277757e-01 3.829913459983159095e-03
4.599124052841199184e-01 3.730417823661058008e-01 5.642202811856468214e-01 3.102717880132387918e-01 6.879887950330819679e-01 5.965265735432397909e-01 1.276824458893070779e-02
5.974424222240760640e-01 7.850282971091888662e-01 5.800628314020698229e-01 4.839496071958085399e-01 6.093234427280993515e-01 3.822719295817672558e-01 2.780610838309566929e-02
6.291801215659311719e-01 8.801018936784221758e-01 3.107394777228801308e-01 5.628940975272861413e-01 4.362596676571368071e-01 4.695608586031078113e-01 2.188348025318475609e-01
5.128085640831703262e-01 2.443838367064378458e-02 7.068032331334531682e-01 6.102607845083932725e-01 7.351880064160718486e-01 5.727205019919648921e-01 1.090715434286896462e-01
5.445462634250256562e-01 1.195121070048407591e-01 4.374798794542634761e-01 4.365829202147015198e-01 3.103951039691640323e-01 5.330437160731738011e-01 6.170451006237950287e-01
3.435408478013589617e-01 5.314986217479238384e-01 4.533224296706864220e-01 3.576384749943457564e-01 4.834588790401266323e-01 4.457547870518332456e-01 8.998018665041618291e-01
3.752785471432141806e-01 6.265722183171571480e-01 6.909606829170301667e-01 6.892052297287489804e-01 5.621242313451095818e-01 4.060780011330419881e-01 6.908370839946438580e-02
3.488304652046733678e-01 2.621229455360670757e-01 5.562990060774354317e-01 5.392107585478448373e-01 6.014574109558556980e-01 5.370113946650529879e-01 3.766415992586286815e-02
3.964370116784405873e-01 3.096593001433073367e-01 4.057947790214176398e-01 5.944719098998810791e-01 5.306580904231164020e-01 4.219487155005585133e-01 5.405985293007424183e-03
5.180981256281429470e-01 7.691822962585957990e-01 3.028182026146686856e-01 2.865884490337973212e-01 3.497282835799105372e-01 4.100456797249210639e-01 3.948754009466672321e-01
5.657047279602519518e-01 8.167194114556237672e-01 6.592755824841843859e-01 3.418496545191799796e-01 2.789289630471708525e-01 5.489144304406903263e-01 1.667756006454320095e-01
6.027319837690486848e-01 8.592509585015764909e-03 4.295586043460520309e-01 6.655218817270832643e-01 4.755918403513736403e-01 6.004942521351187557e-01 1.352855734382679698e-01
6.503385861011576896e-01 5.612962478204371747e-02 5.325351807528010406e-01 7.207830330791195061e-01 4.047935267351436273e-01 4.854315729706242810e-01 4.786120668375682952e-01
4.334642674872372092e-01 5.156526208973307712e-01 6.830394078088187770e-01 4.128995722130357482e-01 7.273209677273188012e-01 4.735285371949869981e-01 9.526077141825512688e-04
