2.004843970970735079e+00 1.516664417039619364e-02 1.100485189817629550e+00 -9.492559155170016139e-02 4.084035413304317741e-01 1.771018470920762145e-01 1.241977263086333494e+00 6.490116961010328200e-02
2.015230489782259937e+00 -5.461263876784764465e-02 1.130797728657715995e+00 -7.599570909794940710e-02 4.049127364906826010e-01 2.328980187974339922e-01 1.229120632384626433e+00 3.383619110064928215e-02
2.139862504070538129e+00 1.624387259791347168e-02 9.973389469656810391e-01 -7.131216406608398284e-02 4.255903468048274352e-01 2.066582340532289730e-01 1.227587071311356581e+00 5.386154616131423600e-02
1.937201044164677199e+00 1.722368409371987513e-02 1.099552087206187245e+00 -1.164107253981345735e-01 3.985831492880778093e-01 1.981453381336067965e-01 1.211938394366764982e+00 4.400081162616883979e-02
2.179715679604473877e+00 7.037136380715719453e-02 9.716631470099733603e-01 -5.170313281481826728e-02 4.590412273233127616e-01 2.118163775748478639e-01 1.232795673264082570e+00 2.045486998100218973e-02
1.997763912197013436e+00 -1.860267432929819942e-02 1.145560433678321166e+00 -8.125275879135962498e-02 3.834266017250140823e-01 1.986932560345341381e-01 1.229500535945453610e+00 5.583835252160544715e-02
1.953613455543129263e+00 -1.052878636497834308e-01 1.152634553210232227e+00 -6.350060318454528452e-02 3.975671203683507349e-01 1.935477575994636323e-01 1.234930507499245156e+00 7.191773258792782952e-02
2.173393242645101253e+00 4.188568229424825817e-02 1.117744859716932382e+00 -8.810892386725246994e-02 3.783579454019493360e-01 1.858546165427159280e-01 1.246460273982902489e+00 4.112955016688368132e-02
1.915955626739290318e+00 2.009089910975992224e-02 1.209273296530221309e+00 -9.095055960825047803e-02 3.874598771170663647e-01 1.471518531955682552e-01 1.247903500092000240e+00 7.136657030779688937e-02
1.988330333192570354e+00 2.305434467261576609e-02 1.110884731782891599e+00 -7.563542220428154383e-02 4.205306644580129039e-01 1.870187812786488490e-01 1.246824247667968955e+00 7.153226737336773611e-02
2.060292037850275815e+00 4.321866645502495802e-03 1.106424234288094777e+00 -8.874238809584397703e-02 3.912462738767683579e-01 2.228519421304200887e-01 1.233612031031630529e+00 6.828088209914064122e-02
2.107688123969231775e+00 1.972874675794893812e-02 1.004519229816592141e+00 -4.172043482565024330e-02 4.211808966351485717e-01 1.922147667604880705e-01 1.227998869943667026e+00 5.645079269408520561e-02
2.245886444099709500e+00 -1.990768141057774193e-02 1.108579885605605053e+00 -4.476637168236210357e-02 3.564628941924984917e-01 1.899706335124756174e-01 1.233988406077146438e+00 6.172636846325798080e-03
2.223642409790548946e+00 5.324165805940618557e-02 9.765623798718829907e-01 -5.140483245526513562e-02 4.476265218014532365e-01 1.647606796615741775e-01 1.229928704599245748e+00 -1.528433437087837327e-03
2.037642080591152371e+00 4.451975497511691943e-03 1.129577638063153699e+00 -6.265144968653393875e-02 3.985899850877971939e-01 1.796540223685216264e-01 1.244588302152245474e+00 5.111880432379671546e-02
2.300059789617202810e+00 1.903157125897686833e-02 9.648491621057297962e-01 -5.997909283878356118e-02 4.227419926252057314e-01 2.084416976364244500e-01 1.244660053453970683e+00 3.106592655409421561e-02
2.137950036837684920e+00 4.582438720021533157e-03 1.101910986222320865e+00 -6.793900973011901545e-02 4.300858515804051319e-01 2.239629459676737433e-01 1.233672299607475376e+00 9.429929358994393329e-03
2.098699484843979945e+00 -3.974944997812834835e-02 9.666393198099538786e-01 -7.360749275714728590e-02 4.523497488377878906e-01 1.892279617875556319e-01 1.236962758614586821e+00 5.636722063975571628e-02
2.006209313716699860e+00 2.695369278196489693e-03 1.109872417316545956e+00 -8.812415261377926079e-02 4.309853938715464405e-01 2.399472490971427119e-01 1.219115371494934763e+00 8.419790844670076851e-03
2.228135366320335820e+00 1.796476042302911497e-02 9.615593062934191249e-01 -2.127080169367777038e-02 4.418852318295568571e-01 1.955260754169671489e-01 1.233660146034117222e+00 2.792082243023042212e-02
2.361919769377513134e+00 5.841385582951071076e-02 1.038328731619358347e+00 -3.628530661048449263e-02 4.184492291185119006e-01 2.124549485638610180e-01 1.246221973400716720e+00 6.092471188448954703e-03
2.213640075993896339e+00 -3.703899124877613191e-02 1.089033834543071677e+00 -4.080450559448377257e-02 3.557899301947093362e-01 2.199678365440049244e-01 1.233900765708343394e+00 3.464814103510362175e-02
2.447857821674010559e+00 -1.550047307574590194e-01 9.496932453473903024e-01 -9.472777041292226863e-02 4.002528675402949876e-01 2.601140845987365280e-01 1.241256864901863821e+00 -6.638809702299150114e-04
1.994585886449993462e+00 1.451059832646013864e-04 1.070299573845521213e+00 -6.739228549118583822e-02 4.206347599205179089e-01 1.923992536820306742e-01 1.237037562901253995e+00 6.306890458358664631e-02
2.083732848416227412e+00 7.079393975088589530e-03 9.896070621705517212e-01 -5.945310320995679521e-02 4.384374211757056106e-01 1.485930681873664783e-01 1.237037700387668693e+00 4.689215366022604636e-02
2.185231175288920191e+00 9.296383107160074294e-03 9.785657974595008968e-01 -4.018752359901038573e-02 4.345777577967586680e-01 1.932267359998542378e-01 1.235675904076423137e+00 4.169076990104840508e-02
2.064314391805418758e+00 -4.436650578635495390e-02 1.187175772402587759e+00 -6.190350267648919713e-02 3.813990151053223698e-01 2.278414245597203958e-01 1.243712120036822188e+00 3.919005488522010749e-02
1.894460259913240519e+00 2.338542000377383939e-02 1.037681279174797133e+00 -4.317558658949575967e-02 4.543781720025619197e-01 1.622309991051465172e-01 1.215830827998357622e+00 2.890581905091713782e-02
2.125161977079691233e+00 3.336061875287748939e-03 9.982019954410987772e-01 -8.323869903924478730e-02 4.742360979222181028e-01 2.113883145831558785e-01 1.250003555152194412e+00 1.037496210447082581e-02
2.040973655946922705e+00 1.354830656634587946e-02 1.130076516597240399e+00 -3.211413874599773621e-02 4.011598945746849276e-01 2.208297023081554067e-01 1.230975879197637068e+00 4.495781190251924020e-02
2.092860921127441820e+00 2.631896142024128110e-02 1.078424990047578635e+00 -3.881099594577208656e-02 4.133475832382620396e-01 2.144852678135337198e-01 1.234950522427079367e+00 4.149174346972561711e-02
1.758898429624835558e+00 7.075448163965332438e-03 1.203872584410384583e+00 2.537599129533409797e-03 4.105887365128193522e-01 1.191140524104055409e-01 1.233586459730546370e+00 8.576078616891526230e-02
2.140500437664806022e+00 5.152163572844281614e-02 9.465984824171769230e-01 -5.628814126656324357e-02 4.771625064478142164e-01 2.172007327228507312e-01 1.211425449512438579e+00 -1.320639085045148889e-02
2.112233650739575808e+00 1.820627387799801655e-02 1.027374524448174897e+00 -9.030991466324286843e-02 4.138273289040953484e-01 2.225964755457679467e-01 1.224050700243971779e+00 5.305464898616921512e-03
2.026259244701170914e+00 -1.118134643423359526e-01 1.036177897066753006e+00 -8.130017181301503471e-02 4.166551582061677195e-01 2.315755893705136736e-01 1.215291155255249222e+00 4.938474275047557982e-02
2.003627317703033039e+00 1.201244661627201143e-01 1.007656886203949220e+00 -7.642402433370926174e-02 4.542229494533193690e-01 1.734508402945670047e-01 1.216126406415463990e+00 1.094668774059257693e-02
2.291939625277167991e+00 -9.877529662345362060e-03 9.820859175158760390e-01 -4.313469386748693124e-02 4.117744361476593506e-01 2.026592205861250384e-01 1.232869004340546137e+00 2.269297665803852310e-02
2.036504851169378405e+00 5.856534381122713295e-02 9.895314885727842791e-01 -6.197265226953505013e-02 4.705620993189124635e-01 2.023210617607289763e-01 1.221406599542014249e+00 2.137954059816551261e-02
2.280461236254585522e+00 3.740004903178089507e-03 1.023305545371429037e+00 1.646549125431320468e-02 4.247852770790215837e-01 2.059859532846082530e-01 1.232415727613459522e+00 1.067527987114213345e-02
2.084169109751736748e+00 5.174511290490099724e-02 1.005406646246804314e+00 -5.478990053342495947e-02 4.555973634290164664e-01 1.820587587635840165e-01 1.248226310216091317e+00 4.671882481430381095e-02
2.149247462734209080e+00 -3.416765370936210300e-02 1.046454946913430106e+00 -6.744056811326432088e-02 4.076604625559836492e-01 2.098596142021540434e-01 1.241847440183855511e+00 5.779024559222743773e-02
2.171916567855316949e+00 7.219942665975047705e-03 9.399842714538785282e-01 -5.276224866701777205e-02 4.302674404717644618e-01 1.691716269988053079e-01 1.222994226037914300e+00 4.029329698362450057e-02
1.971149095429299170e+00 1.125720006407100598e-01 9.485979933396488928e-01 -1.140556100461919131e-01 4.493621665717824620e-01 1.457271315445412552e-01 1.205094348909127255e+00 1.566303163916890617e-02
1.859510838886582640e+00 -1.275870856475725193e-02 1.062595747074130292e+00 -5.401350975599231163e-02 4.269426781438591112e-01 1.739584508738888646e-01 1.207791011935892334e+00 5.878584764585508687e-02
2.005041132234910428e+00 -5.317895812556876906e-02 1.119986768043704561e+00 -8.357115617350038828e-02 4.058686635576912449e-01 2.035404163131678268e-01 1.235605767931920784e+00 4.163038024515886004e-02
1.978632683874928411e+00 2.708100515815620862e-02 1.042372260395349581e+00 -4.201350030582316764e-02 4.523599245259202206e-01 1.737604561231448352e-01 1.214221662513770950e+00 1.240361334295832230e-02
1.983813907798418263e+00 1.539052681617498835e-04 1.058271418195929847e+00 -6.595886004584133877e-02 4.323287637929373872e-01 1.469308621280835392e-01 1.244935608240254510e+00 6.792062445858738917e-02
2.389537073639139031e+00 2.086326653905725692e-01 9.601945860844300906e-01 -5.991064408136642649e-02 4.201830702005335261e-01 2.015620763938505422e-01 1.217889349507160990e+00 -3.647119430651065688e-04
2.086705923733046752e+00 3.754082236281831852e-02 1.094145629980870504e+00 -1.051636959670621541e-01 4.034602512256818541e-01 1.755745241195986184e-01 1.242053035683894358e+00 4.103697612778665904e-02
2.264827790960191045e+00 2.067837350010446329e-01 9.488945391833196741e-01 -7.061816191469527659e-02 4.365890824311252638e-01 2.149503454655148638e-01 1.216306526618864403e+00 -3.437483825571025896e-04
2.023180582875062417e+00 3.408172407250998487e-02 1.072684492698616765e+00 -1.823995787977659988e-01 4.516044034987937716e-01 2.517495057002125391e-01 1.254598014139452822e+00 1.827793055665339131e-02
2.061899643405290750e+00 -4.783976407393594754e-02 1.111760511490825776e+00 -9.219345055012248547e-02 3.932089585893182582e-01 2.311062564108634365e-01 1.224860256149177262e+00 2.317255182649511497e-02
2.321196499600167051e+00 1.133998652167076959e-01 9.597493703197922388e-01 -4.344019433832212868e-02 4.320933755233135054e-01 2.158900825033985282e-01 1.210862670493232374e+00 5.931405717988053397e-03
2.194251408098771172e+00 -1.914372454334881254e-03 1.030194482510200960e+00 -6.163257005254031695e-02 4.243121708997223962e-01 2.089947648483708176e-01 1.250921407254072637e+00 5.619259043629892814e-02
2.332189033940640588e+00 7.439863189553076739e-02 9.342583482125321748e-01 -6.928272794256665201e-02 4.133807757996502685e-01 2.487620615362843290e-01 1.220379123736898830e+00 -3.416799598241111475e-04
1.867829234179212428e+00 -3.000987876394161508e-02 1.146491491798823148e+00 -1.188796241055728176e-01 4.203779999915683296e-01 1.770798066507681123e-01 1.242708785118570303e+00 6.593395148178041176e-02
2.180989926943873058e+00 3.034969669030172096e-02 1.013158284571451739e+00 -4.334507437417578490e-02 4.494810117241073710e-01 2.186478892243800543e-01 1.240275531210401017e+00 1.383877661117055395e-02
2.207693513499836335e+00 1.425934654008246746e-02 9.798536122762844247e-01 -2.414060015929730268e-02 4.200607155580587393e-01 1.935570135926777957e-01 1.226318638899771774e+00 2.228713643547566847e-02
1.916078961971797501e+00 2.227289070818862194e-04 1.124522457718855506e+00 -3.459607030598108729e-02 4.159927025497992537e-01 1.433501113745733746e-01 1.249287060632904733e+00 8.198850296497200985e-02
2.201606529866787731e+00 2.307605408206704345e-01 9.355150733715764666e-01 -1.008972891639093594e-01 4.692939494929219690e-01 2.284400009256483677e-01 1.208243818002351144e+00 -3.293860005090744792e-04
2.081092488796323359e+00 -1.932137885659540588e-02 1.162047189149187032e+00 -5.988915991106364550e-02 3.708409320406920173e-01 1.847943923711430347e-01 1.245241197951686196e+00 5.556188994519503654e-02
1.910076260083509503e+00 -3.384025369224563651e-02 1.106700826621251466e+00 -1.354842253003556429e-01 4.268355667562762079e-01 1.986520572700079534e-01 1.235427988512875608e+00 6.000488553568980588e-02
2.144963741819036152e+00 1.269676280060632809e-02 9.862641302248320585e-01 -4.806987526819731654e-02 4.463089647654949754e-01 1.887286530971425125e-01 1.237546771406935919e+00 3.457348874218893475e-02
2.038148492894058528e+00 -7.309811631906329432e-02 1.111952335111343615e+00 -4.476164339710950180e-02 3.993645505230558612e-01 1.872571468110476589e-01 1.237337919336810588e+00 6.482316598010498532e-02
1.959627236637501824e+00 1.786819430976189366e-02 1.111151846962751488e+00 -2.131584908711097598e-02 4.262187590626802525e-01 1.677706595517062249e-01 1.230800076567162282e+00 4.369997132123976807e-02
1.979053264726540640e+00 9.502380547025020274e-03 1.017315552887173347e+00 1.591836276799028912e-03 4.452401153032737868e-01 1.711442075767505011e-01 1.223559162658009125e+00 7.361195145696958209e-02
2.078149250892138422e+00 8.724546284637632598e-03 1.044629831884712257e+00 -7.764987097531809990e-02 4.505877025063921848e-01 2.302446066647306222e-01 1.243730160437187315e+00 3.911094286634866912e-02
2.141733781396689018e+00 8.853338424312292426e-03 1.029545222155798356e+00 -5.076329732490622582e-02 4.198029555597097562e-01 1.774539154934713092e-01 1.244059889887431325e+00 4.749086976287132666e-02
2.074919667619185226e+00 -5.181128546267818602e-02 1.129706872461659906e+00 -6.125392751701377869e-02 4.028113491072805585e-01 1.814362126148483245e-01 1.254494369206709425e+00 6.165589328602202879e-02
2.024958077646049404e+00 2.102043109242516805e-01 1.023673418002106317e+00 -1.236007568651507349e-01 4.687964080386459731e-01 2.087882913830768628e-01 1.202836572484831557e+00 -8.711560710678693115e-03
2.259890155752022345e+00 6.882181960059287514e-03 9.552479263039612700e-01 -3.682845812301513422e-02 4.171083872906677925e-01 1.896587623398729994e-01 1.241363600304645320e+00 4.641146577499521975e-02
1.955353198256927216e+00 7.255211326710047162e-03 9.733151711746346191e-01 -1.304130148791636523e-01 4.732650817512827901e-01 2.353189562463640361e-01 1.204632392468751867e+00 -3.110160129503181450e-03
1.962825269782414672e+00 1.504911792840352147e-02 1.059178130690797470e+00 -6.857391533128495698e-02 4.348876556335781185e-01 2.242318968216563402e-01 1.214957110993614364e+00 3.280712443192571048e-02
2.114348525466938078e+00 -6.584180384984423054e-03 1.057471243124692650e+00 -1.072592807404179338e-01 4.170159705478719836e-01 2.087177745793758199e-01 1.250213730850080029e+00 7.161118803294054536e-02
2.093340684638065774e+00 8.275691913876247197e-02 9.443401229636867455e-01 -6.853225378588226335e-02 4.714081466587635716e-01 1.881044157606486522e-01 1.225180054003591978e+00 1.320023292756405953e-02
1.948724701296714823e+00 -4.292603400209758779e-02 1.067744657925762564e+00 -4.417788660565602488e-02 4.186012487441059804e-01 2.348370522282325068e-01 1.203625437599806336e+00 3.901421261038232058e-02
2.173004851477102761e+00 1.386379277293392671e-02 9.354694171669315494e-01 -2.759055306387891982e-02 4.668918832904241922e-01 1.908615145550597858e-01 1.230750027031215055e+00 2.937728962070345479e-02
1.870876475635853575e+00 4.383271360180130555e-02 1.118853644214147902e+00 -5.444405930756941042e-02 4.148234717485521639e-01 1.564322622584494726e-01 1.223250266755040006e+00 7.408939715797774328e-02
1.825198896078978006e+00 7.623449173949758267e-03 1.140761212299824301e+00 1.749684044700537157e-03 4.078929659411673070e-01 1.615009716236727455e-01 1.212460075119553782e+00 8.184693712950924516e-02
1.938523191082569763e+00 1.404726004609837819e-01 1.064326637801608300e+00 -5.698291632437713777e-02 4.280567941471307147e-01 1.891236021342759255e-01 1.208955007745699639e+00 2.539392050837389891e-02
1.930886111479383604e+00 -6.265098148807730916e-02 1.164426256946722749e+00 -2.607452011167056549e-02 3.910826954549129209e-01 1.715951620559394430e-01 1.227675779873289796e+00 7.009960717838775723e-02
2.002880828404181024e+00 1.338627521610253582e-04 1.077979937021688484e+00 -5.149402451761769806e-02 4.131041381363909082e-01 1.688582517458422916e-01 1.238632000184885396e+00 7.959606890575088300e-02
2.031551089350027262e+00 -1.222909520714637877e-02 1.088929476233994276e+00 -5.471223572730125884e-02 4.122374138243880548e-01 1.751832320582401847e-01 1.243070891508316844e+00 4.793322175076433767e-02
1.985993338521616414e+00 -2.239466097481114804e-01 1.072252836890577932e+00 -1.040256869190635813e-01 4.144737809347999180e-01 2.259198892816644821e-01 1.222665527581998868e+00 4.594175478215659081e-02
1.953290211431711665e+00 3.566378646243112405e-02 1.101355617329486725e+00 -1.629484445785811253e-01 4.367853710949095580e-01 2.257581054910948737e-01 1.243601747390489898e+00 3.953651725639112380e-02
2.081020020761984668e+00 -4.138116294171037546e-02 1.061790608610444497e+00 -6.592134417148425019e-02 3.669661523415300164e-01 1.985257874760714136e-01 1.207992814360248968e+00 2.803568179200448610e-02
2.038657372580059857e+00 8.610599283523793016e-03 1.039872501069747823e+00 -1.415647987186317014e-01 4.515718904788943999e-01 2.386638033070656584e-01 1.232567428416794009e+00 -3.362129057090525175e-03
1.977116124197526581e+00 -3.723021090142282497e-02 1.079249379640591311e+00 -8.511286367682152632e-02 4.194978062022680643e-01 1.994771938958563862e-01 1.229295807918275418e+00 5.269084620482486492e-02
1.969763327622264804e+00 1.136025236652933590e-02 1.076854889435318485e+00 -7.988166601634147379e-02 4.392225102586631014e-01 2.098860541243769140e-01 1.235739629193174371e+00 4.317982047119023337e-02
2.070523494715523771e+00 -1.285316421247486574e-01 1.013608076901771016e+00 -1.397904863664113373e-01 4.179079775264282759e-01 2.714262363553279211e-01 1.205324018601617420e+00 4.031951280154297962e-02
2.181919095462074853e+00 9.309520934291397667e-03 1.019649024200646181e+00 -8.000674031273671827e-02 4.291150306036654039e-01 2.671431524813568936e-01 1.228773486847897001e+00 3.198222098425057558e-02
1.933987280625121929e+00 -2.416254333689896172e-02 1.160921116380398077e+00 -5.292123954628247945e-02 3.963825065580005580e-01 1.933404649837981437e-01 1.229251582896485395e+00 7.511207957823906600e-02
1.918221644884364085e+00 3.407322994031306701e-02 1.002497715168745973e+00 -6.580071080802285532e-02 4.367261080620811198e-01 2.286242017180739050e-01 1.187360859079348963e+00 1.478074744114304256e-02
2.122734493583316340e+00 1.373743579850893529e-02 1.019806441100187033e+00 -1.015890865470959054e-01 4.324241699252852067e-01 2.150929654484114995e-01 1.241780879942532057e+00 5.420984900453933164e-02
2.035294568805075865e+00 -1.672144750659002813e-03 1.065785448732925467e+00 -2.572790045560967645e-02 4.340793317159632458e-01 1.460198655936502665e-01 1.255893766141022994e+00 5.587060445135640097e-02
2.177875425912596086e+00 1.876991148722924677e-02 9.671734721026130632e-01 -3.295375855636577256e-02 4.378327266812133134e-01 1.692086757058720581e-01 1.214524455903711608e+00 6.289856502238859795e-03
1.847761532269912355e+00 2.104695561355811317e-02 1.058082378040405391e+00 -6.768051575675615439e-02 4.403180136432059966e-01 1.525727922239412115e-01 1.205844322518226264e+00 2.341928250919580318e-02
1.871489880317044552e+00 8.840339448328011010e-03 1.128673700065237595e+00 -1.390751390582011145e-02 4.158154574128001824e-01 1.547772337186658353e-01 1.226314602153608213e+00 7.932993709078109412e-02
2.109547674759187696e+00 -2.275950348668311779e-02 1.059348577266752134e+00 -1.113175938821272248e-01 4.109980300482444227e-01 2.605297761137729262e-01 1.233204506491595076e+00 4.824926432042354191e-02
2.125407965956915390e+00 2.893263347061168431e-02 1.050137706996731701e+00 -4.949499514210034534e-02 4.162006213341536975e-01 1.734083115274025200e-01 1.230112184748146209e+00 2.328088179434929447e-02
1.963314459192843753e+00 1.337108161431244113e-02 1.110430206338466785e+00 -8.513963644237998452e-02 4.033185737154526551e-01 2.087952403730393147e-01 1.217877046382477957e+00 3.729561838751527247e-02
2.004154595811392436e+00 7.740899691137761475e-03 1.094312825193157757e+00 -8.968104058155210168e-02 4.140840849149775571e-01 2.082164533055703981e-01 1.228488488949245783e+00 4.427993601446325589e-02
2.054573768945191503e+00 -3.021356984294045617e-02 1.070488234576956632e+00 -8.526726323436714661e-02 4.084842503953909909e-01 2.235907449895094545e-01 1.227775071639376936e+00 4.728119486102648483e-02
2.035034316415202049e+00 -9.999507953541122984e-02 1.112356886174828308e+00 -5.137427550489111205e-02 4.127615542282872529e-01 1.972054475409950047e-01 1.251061422750793461e+00 5.912661333150542875e-02
1.998555014862213097e+00 6.250199167357967447e-03 1.068395205438671391e+00 -5.575442301892014063e-02 4.169748082121818578e-01 1.770029573754227370e-01 1.226708086540652998e+00 5.605965858651086597e-02
2.010413125470245088e+00 3.749668971554925845e-02 1.089502946835482877e+00 -8.699667387260559548e-02 4.035537774651024590e-01 2.081206245935847132e-01 1.218074741050813925e+00 3.691231607016053767e-02
1.947217536501908208e+00 4.810169634669622662e-02 1.045254207830277338e+00 -8.404902121823602801e-02 4.282638993979089870e-01 2.099332069126604861e-01 1.206475831583664116e+00 3.453852804770889129e-02
1.972964844526111872e+00 -7.315941882873203128e-02 1.141512914551012337e+00 -4.348433445231754402e-02 4.008744985376314629e-01 2.011496585048709596e-01 1.236762227680345605e+00 5.834730998922020573e-02
2.119693323427336296e+00 -3.897134695780325037e-02 1.063881120859142104e+00 -6.961465118306520150e-02 4.187040955422107191e-01 2.028675412926163046e-01 1.251955944244987684e+00 6.444701176734538017e-02
2.008303439953711411e+00 3.380303460848924080e-02 1.015541181636526069e+00 -7.606553920376386835e-02 4.404906424395333975e-01 2.195540623971816707e-01 1.200918065166877380e+00 -2.263158803112068091e-03
2.045363285865866132e+00 9.255744054125706732e-04 1.063545564418495903e+00 -4.200853270564346154e-02 4.168125127934756979e-01 1.881063973772126308e-01 1.229714433183977551e+00 4.224567324885707131e-02
2.126244479088621908e+00 1.651363566364268121e-02 1.034411231549164478e+00 -7.005703577840029228e-02 4.315642375755872617e-01 2.131406347735501083e-01 1.244493776465319224e+00 4.874667970643943582e-02
2.125591379171424045e+00 1.556020012320017895e-02 9.889797768382109222e-01 -6.872315450066862619e-02 4.423188891312369586e-01 2.184084251517369735e-01 1.236747280577612518e+00 5.002959901158417905e-02
1.955745644501165170e+00 3.510648835540855495e-02 1.058453135520493138e+00 -7.774452535201681336e-02 4.160041945747407488e-01 2.028662066763105010e-01 1.212076804978707179e+00 4.880079112212319659e-02
1.936070150670893941e+00 1.443935468347009102e-02 1.083933798781833602e+00 -1.006121938993291276e-01 4.010644943672467821e-01 2.253404734350686334e-01 1.196384477487496989e+00 3.725736634778872847e-02
2.000006191046153070e+00 2.768823797363911127e-02 1.061537068912536519e+00 -4.070583291965053363e-02 4.162711684189989159e-01 1.936779500136771026e-01 1.221753145877784608e+00 4.256157098302050523e-02
2.039223658628674940e+00 1.416395134996102645e-02 1.085025041320227146e+00 -3.787141657349520074e-02 4.289143217612297887e-01 1.920721248382142865e-01 1.241828606779588728e+00 3.787391191459781731e-02
1.966380843933113631e+00 4.094382721927634569e-03 1.112103880846752268e+00 -4.300066921964346145e-02 4.045841597543146095e-01 1.794342426980207739e-01 1.226291902786634580e+00 6.836181236553962037e-02
2.008375330750252985e+00 -4.341903166982981344e-02 1.137014517941598690e+00 -3.944392473299943025e-02 3.979220640961843025e-01 1.777949033064970541e-01 1.242766837808432001e+00 7.000295642233932136e-02
2.084735838893928328e+00 1.266153913407552442e-02 9.922178099882446034e-01 -7.064575261639988168e-02 4.590114845131577082e-01 2.055312518661113197e-01 1.232981784293915917e+00 2.498824402161534813e-02
2.013545310444878389e+00 6.419566964433828793e-02 9.695747922248092454e-01 -8.439555400658937945e-02 4.541029534614481333e-01 2.068104093792632603e-01 1.214427385882747457e+00 3.361525027112331060e-02
1.956188864466967825e+00 9.071468007426971430e-03 1.153264629373512706e+00 -5.928819783900250717e-02 3.875441199091246292e-01 1.922237311191027087e-01 1.228854680123916188e+00 6.628534939360684886e-02
2.030113154026812694e+00 4.256410263483946521e-02 1.035957222910576458e+00 -1.121821845203947315e-01 4.203337060118326196e-01 2.038074891233468966e-01 1.218699694888373486e+00 4.036507619671587943e-02
1.976454104084193641e+00 -6.525717403768031485e-03 1.064504866916342829e+00 -4.052730154036150723e-02 4.387934469176373309e-01 1.985351785842277561e-01 1.239226247641584289e+00 5.438738789191205347e-02
2.071097090095268101e+00 1.647425632891877378e-02 9.336860300851630434e-01 -6.750873607029315993e-02 4.671704863327513779e-01 1.794319009422038480e-01 1.218721837831278965e+00 1.813044612567976319e-02
1.979436488218811130e+00 4.592782660258878935e-02 1.099313355855815910e+00 -7.207309102078644780e-02 4.106199186647182531e-01 1.932333147661936812e-01 1.218252731036616243e+00 3.518885259378214114e-02
1.996671752595662985e+00 1.192169332940742031e-02 1.078561450017861301e+00 -8.065223598607083877e-02 4.373577091974492070e-01 2.270333049451477014e-01 1.231268098623239382e+00 3.627922701151083812e-02
2.008246153606010331e+00 -4.190600057830866365e-02 1.069514247126370554e+00 -7.252604542780424768e-02 4.078503564449428298e-01 2.179764464740596430e-01 1.216326835884294244e+00 4.965445862299231600e-02
2.091523293419942142e+00 5.964583810655191276e-03 1.052051629326295146e+00 -8.020464355862003125e-02 4.324556373682360011e-01 2.009334627280534025e-01 1.253878657563484378e+00 7.255676664597329739e-02
2.088079773356029456e+00 1.461038129325893664e-02 1.011421662950530154e+00 -4.432595453442719768e-02 4.457770138586235609e-01 1.723593524108835429e-01 1.240809414747170880e+00 3.095982059237117542e-02
2.081086697929851681e+00 -1.062295523310915688e-02 1.086028750494724360e+00 -7.186370474060534141e-02 4.050577560669476607e-01 1.990793095193241768e-01 1.241190305969451568e+00 5.026690468625037711e-02
1.946788440287294364e+00 7.464516631775419686e-02 9.986601907833039249e-01 -8.748716419870705696e-02 4.415289739528214796e-01 1.787073506635283304e-01 1.203797873014363917e+00 1.970542543696721452e-02
2.017629555077161463e+00 7.438399009988708177e-02 1.043181219548987571e+00 -7.300140577442407186e-02 4.185888851987080161e-01 2.024379477194782340e-01 1.208238034473168909e+00 1.917074013544290897e-02
1.942803308792111050e+00 1.077940140092538412e-02 1.075162237330605564e+00 -8.684949256193094658e-02 4.292538445128769586e-01 2.049294007757086478e-01 1.224882318085160904e+00 4.204829961346835676e-02
2.005431710152545399e+00 6.890484406980848520e-02 1.030224809003407405e+00 -6.875556612761429820e-02 4.316919624463063654e-01 1.806075892849721143e-01 1.228767642948308536e+00 5.581931459871421197e-02
1.983022189333242480e+00 1.148569626523048177e-02 1.109178002516674866e+00 -8.368932845995322167e-02 4.222787520947222095e-01 2.053691743518941681e-01 1.234078338508141526e+00 3.861638257031557719e-02
1.926605773388834431e+00 8.967487895825052707e-03 1.120343907482110657e+00 -6.708478238855163089e-02 4.012024059373787699e-01 1.981403286877790326e-01 1.219895553250811560e+00 7.364218349238857431e-02
2.051601229722949782e+00 1.433790633849726937e-02 1.070019710852113004e+00 -9.576030002081832582e-02 4.209232774647394537e-01 2.289010141709355572e-01 1.234258333640900984e+00 5.306906158287901659e-02
2.059846386449270206e+00 8.344107569263552876e-03 1.044000250549895537e+00 -3.549208138118664646e-02 4.322130725111213989e-01 1.826410862155171400e-01 1.238379694677309351e+00 4.044893308315365005e-02
2.062499754575882527e+00 4.421385005493487508e-03 1.077372944896438867e+00 -6.827569940606867394e-02 4.196797542529391856e-01 2.191814200698429249e-01 1.231782134924587213e+00 3.006337295313618943e-02
2.014168988562603957e+00 -4.866860449859159582e-02 1.119844825259662890e+00 -6.205603535075105565e-02 3.981554167370762731e-01 1.990885295439637215e-01 1.232870968868347239e+00 5.171537464280255569e-02
2.001409980634686114e+00 1.573200079012150197e-04 1.013267523629211686e+00 -6.636401819079650044e-02 4.195598691397910418e-01 1.862183620178968213e-01 1.213516325347554714e+00 3.957838340604882127e-02
1.979763579563471820e+00 1.300707197234039249e-02 9.715336011340366396e-01 -1.018196741599184107e-01 4.496176227060324493e-01 2.226298002719593050e-01 1.193324156197453689e+00 6.061626444050132248e-03
1.922586192330888011e+00 5.515756488172362387e-02 1.021069024357070365e+00 -9.041971587560532209e-02 4.270716066361113228e-01 2.002278535747457622e-01 1.197730214323789788e+00 2.962602505358058469e-02
1.989984037896594726e+00 4.169509342231542126e-02 1.053161141366817599e+00 -1.033993027554068467e-01 4.198237537910599615e-01 1.998550611878807670e-01 1.214142396768492560e+00 3.028766494141993393e-02
2.096366812738896357e+00 -5.295723934131793846e-04 9.985078628512261689e-01 -6.646930540595885617e-02 4.350956711818864120e-01 1.808661637619886631e-01 1.235033594602074292e+00 5.191905783732381208e-02
2.040929340849213958e+00 -3.140908408394368911e-02 1.031926013032521627e+00 -9.142779522312885487e-02 4.359881879978528829e-01 2.104239688735998204e-01 1.232611061878122527e+00 4.241603644372125836e-02
2.009516947246683394e+00 3.799581871886735518e-02 1.042110637178209842e+00 -8.009528115203318199e-02 4.356068655208218954e-01 1.911691768256887081e-01 1.222956213076822340e+00 3.435663018020619630e-02
2.077226984542348553e+00 -6.035874638484420296e-02 1.115254578326378088e+00 -5.923572047095294890e-02 4.134226632140983182e-01 2.106510542940682740e-01 1.241197777716859241e+00 2.658227471730887498e-02
1.968334709125329596e+00 1.042104693861385656e-02 1.083006662690336519e+00 -6.161908187525331343e-02 4.098466498885257048e-01 2.105935862562198224e-01 1.213214169252541108e+00 5.628116943250566911e-02
